init matrix
[[0, 0, 0, 1, 0, 1, 1, 0, 0, 0, 0, 0, 0, 0, 0, 1, 0, 0, 0, 1, ],
[1, 1, 0, 0, 1, 0, 0, 1, 0, 0, 1, 1, 0, 1, 0, 0, 1, 0, 1, 1, ],
[0, 1, 0, 1, 1, 0, 0, 0, 1, 0, 1, 0, 0, 1, 1, 1, 0, 0, 1, 1, ],
[0, 1, 1, 1, 1, 0, 0, 1, 1, 0, 1, 0, 1, 0, 1, 1, 0, 0, 1, 0, ],
[0, 1, 0, 0, 0, 1, 1, 0, 0, 1, 1, 0, 1, 0, 1, 0, 1, 0, 0, 1, ],
[0, 1, 0, 0, 0, 0, 1, 0, 1, 1, 0, 0, 0, 1, 1, 1, 1, 0, 0, 1, ],
[0, 1, 1, 0, 1, 1, 1, 1, 1, 1, 1, 1, 1, 0, 1, 0, 1, 0, 0, 0, ],
[0, 1, 0, 0, 0, 1, 1, 0, 0, 0, 1, 0, 0, 0, 0, 0, 0, 0, 1, 1, ],
[1, 0, 1, 0, 0, 1, 1, 0, 0, 0, 1, 0, 1, 0, 0, 0, 0, 1, 0, 0, ],
[1, 1, 0, 0, 0, 0, 0, 1, 0, 0, 1, 0, 1, 0, 1, 1, 1, 0, 1, 1, ],
[1, 1, 0, 0, 0, 0, 0, 0, 0, 1, 1, 1, 1, 0, 0, 0, 1, 1, 0, 0, ],
[0, 1, 1, 1, 1, 0, 1, 0, 0, 1, 1, 0, 1, 1, 0, 0, 0, 0, 0, 1, ],
[0, 0, 0, 0, 0, 0, 0, 0, 0, 0, 1, 1, 1, 1, 1, 0, 1, 1, 1, 0, ],
[0, 1, 0, 0, 0, 1, 0, 1, 1, 1, 0, 0, 0, 0, 0, 0, 1, 0, 0, 1, ],
[1, 1, 1, 0, 0, 0, 0, 0, 0, 1, 1, 0, 1, 0, 1, 0, 1, 1, 1, 0, ],
[1, 0, 0, 0, 0, 0, 1, 0, 0, 0, 1, 0, 0, 0, 1, 0, 0, 0, 1, 0, ],
[0, 1, 0, 1, 1, 1, 0, 0, 1, 1, 1, 1, 0, 0, 1, 0, 1, 1, 0, 1, ],
[0, 1, 1, 1, 0, 1, 0, 0, 1, 0, 1, 1, 0, 0, 1, 1, 1, 0, 1, 0, ],
[1, 0, 1, 0, 0, 1, 0, 0, 0, 0, 1, 0, 0, 1, 0, 0, 0, 0, 1, 0, ],
[1, 0, 1, 0, 1, 0, 1, 1, 1, 0, 0, 1, 1, 1, 1, 0, 0, 0, 1, 0, ]]

res matrix, power=10

105389914 161416984 85095119 62573794 83215779 94399040 88023367 68311177 82750071 100233332 183294039 97452192 117462962 87953053 127007812 57853002 139615347 72327872 120934332 113819134
188232585 288301641 151985311 111761194 148628818 168603275 157215876 122007261 147796211 179023453 327376186 174055360 209796836 157090383 226844101 103328864 249361946 129182790 215996794 203289335
179763495 275330103 145147258 106732651 141941498 161017406 150142118 116518248 141147081 170968502 312646011 166225158 200357663 150022498 216638107 98680701 238142937 123370090 206278590 194142017
192868178 295400918 155728342 114513487 152288961 172755425 161088089 125011542 151435568 183431934 335438097 178341521 214963084 160958633 232430254 105873169 255502213 132364017 221315881 208295314
200438212 306995328 161840634 119007510 158266097 179535873 167410359 129918991 157380256 190631581 348603163 185342180 223400506 167276371 241553452 110029362 265531247 137558763 230002422 216470022
185729494 284467459 149964336 110274595 146652081 166361075 155124909 120385340 145831587 176642530 323021702 171741824 207006918 155001449 223827775 101955674 246046317 127464293 213124436 200584789
272989711 418116376 220420781 162084333 215552719 244521658 228007695 176943937 214344802 259633062 474786065 252427706 304263075 227824073 328986449 149854928 361642776 187350738 313255165 294825673
123624240 189345995 99818597 73400509 97614118 110732095 103253091 80130705 97068053 117576014 215007868 114314064 137787077 103171299 148983267 67863268 163772265 84841973 141858719 133512194
142316263 217974238 114910655 84498441 112372985 127474547 118865587 92245598 111743792 135353155 247517020 131596911 158619513 118770329 171508864 78123357 188533382 97670206 163307357 153699439
176383336 270152789 142418198 104725835 139272509 157989889 147319305 114326729 138492501 167754246 306767628 163098591 196589922 147201464 212564084 96824161 233664511 121050617 202399456 190491807
163893044 251022435 132332702 97309499 129410213 146801744 136887266 106231142 128685767 155874842 285044156 151549345 182668697 136777899 197512156 89968101 217118226 112478505 188066996 177002485
209105921 320270961 168838965 124153812 165110308 187299111 174649391 135537433 164186172 198874923 363677730 193357610 233061172 174510084 251999372 114787582 277014046 143507292 239948701 225830904
159705036 244608099 128951246 94823073 126103450 143050552 133389280 103516879 125397415 151891488 277760323 147676603 178001187 133282298 192465121 87669375 211570012 109604163 183261258 172479531
142191551 217783543 114810270 84424640 112274478 127363392 118761375 92164412 111645598 135234768 247300805 131482119 158480946 118666693 171358573 78054803 188368591 97585028 163164712 153564887
192910609 295466185 155762555 114538392 152322576 172792968 161123174 125039610 151469764 183472493 335511534 178381534 215010568 160994454 232482060 105897145 255559181 132392884 221364646 208340641
92610126 141844348 74776603 54986399 73125230 82952620 77349914 60027911 72716363 88079327 161068281 85635741 103219927 77288496 111607501 50838740 122686350 63557402 106270195 100017870
258710574 396246759 208891323 153606201 204277968 231731423 216080778 167689339 203134326 246052852 449951221 239225512 288348445 215907833 311779079 142017765 342727840 177550853 296869977 279403962
211756528 324330462 170979155 125727913 167202913 189674024 176863844 137254466 166265863 201395869 368288765 195806557 236015205 176721390 255192711 116241486 280524211 145326910 242990046 228694434
97259347 148964143 78530228 57746603 76795938 87116577 81233013 63040488 76365250 92500404 169154438 89933315 108401251 81167825 117209406 53389301 128843866 66748423 111605084 105038819
203111197 311089806 163998512 120595424 160376946 181930134 169643069 131650934 159478406 193173776 353253036 187812913 226379478 169507112 244774581 111496560 269071931 139393781 233069843 219358291
Process returned 1 (0x1)   execution time : 0.110 s
Press any key to continue.